0 0.0025 0.005 0.0075 0.01
0.0125 0.015 0.0175 0.02 0.0225
0.025 0.0275 0.03 0.0325 0.035
0.0375 0.04 0.0425 0.045 0.0475
0.05 0.0525 0.055 0.0575 0.06
0.0625 0.065 0.0675 0.07 0.0725
0.075 0.0775 0.08 0.0825 0.085
0.0875 0.09 0.0925 0.095 0.0975
0.1 0.1025 0.105 0.1075 0.11
0.1125 0.115 0.1175 0.12 0.1225
0.125 0.1275 0.13 0.1325 0.135
0.1375 0.14 0.1425 0.145 0.1475
0.15 0.1525 0.155 0.1575 0.16
0.1625 0.165 0.1675 0.17 0.1725
0.175 0.1775 0.18 0.1825 0.185
0.1875 0.19 0.1925 0.195 0.1975
0.2 0.2025 0.205 0.2075 0.21
0.2125 0.215 0.2175 0.22 0.2225
0.225 0.2275 0.23 0.2325 0.235
0.2375 0.24 0.2425 0.245 0.2475
0.25 0.2525 0.255 0.2575 0.26
0.2625 0.265 0.2675 0.27 0.2725
0.275 0.2775 0.28 0.2825 0.285
0.2875 0.29 0.2925 0.295 0.2975
0.3 0.3025 0.305 0.3075 0.31
0.3125 0.315 0.3175 0.32 0.3225
0.325 0.3275 0.33 0.3325 0.335
0.3375 0.34 0.3425 0.345 0.3475
0.35 0.3525 0.355 0.3575 0.36
0.3625 0.365 0.3675 0.37 0.3725
0.375 0.3775 0.38 0.3825 0.385
0.3875 0.39 0.3925 0.395 0.3975
0.4 0.4025 0.405 0.4075 0.41
0.4125 0.415 0.4175 0.42 0.4225
0.425 0.4275 0.43 0.4325 0.435
0.4375 0.44 0.4425 0.445 0.4475
0.45 0.4525 0.455 0.4575 0.46
0.4625 0.465 0.4675 0.47 0.4725
0.475 0.4775 0.48 0.4825 0.485
0.4875 0.49 0.4925 0.495 0.4975
0.5 0.5025 0.505 0.5075 0.51
0.5125 0.515 0.5175 0.52 0.5225
0.525 0.5275 0.53 0.5325 0.535
0.5375 0.54 0.5425 0.545 0.5475
0.55 0.5525 0.555 0.5575 0.56
0.5625 0.565 0.5675 0.57 0.5725
0.575 0.5775 0.58 0.5825 0.585
0.5875 0.59 0.5925 0.595 0.5975
0.6 0.6025 0.605 0.6075 0.61
0.6125 0.615 0.6175 0.62 0.6225
0.625 0.6275 0.63 0.6325 0.635
0.6375 0.64 0.6425 0.645 0.6475
0.65 0.6525 0.655 0.6575 0.66
0.6625 0.665 0.6675 0.67 0.6725
0.675 0.6775 0.68 0.6825 0.685
0.6875 0.69 0.6925 0.695 0.6975
0.7 0.7025 0.705 0.7075 0.71
0.7125 0.715 0.7175 0.72 0.7225
0.725 0.7275 0.73 0.7325 0.735
0.7375 0.74 0.7425 0.745 0.7475
0.75 0.7525 0.755 0.7575 0.76
0.7625 0.765 0.7675 0.77 0.7725
0.775 0.7775 0.78 0.7825 0.785
0.7875 0.79 0.7925 0.795 0.7975
0.8 0.8025 0.805 0.8075 0.81
0.8125 0.815 0.8175 0.82 0.8225
0.825 0.8275 0.83 0.8325 0.835
0.8375 0.84 0.8425 0.845 0.8475
0.85 0.8525 0.855 0.8575 0.86
0.8625 0.865 0.8675 0.87 0.8725
0.875 0.8775 0.88 0.8825 0.885
0.8875 0.89 0.8925 0.895 0.8975
0.9 0.9025 0.905 0.9075 0.91
0.9125 0.915 0.9175 0.92 0.9225
0.925 0.9275 0.93 0.9325 0.935
0.9375 0.94 0.9425 0.945 0.9475
0.95 0.9525 0.955 0.9575 0.96
0.9625 0.965 0.9675 0.97 0.9725
0.975 0.9775 0.98 0.9825 0.985
0.9875 0.99 0.9925 0.995 0.9975
1 0 0.01570732 0.03141076 0.04710645
0.06279052 0.0784591 0.09410831 0.1097343 0.1253332
0.1409012 0.1564345 0.1719291 0.1873813 0.2027873
0.2181432 0.2334454 0.2486899 0.263873 0.2789911
0.2940403 0.309017 0.3239174 0.3387379 0.3534748
0.3681246 0.3826834 0.3971479 0.4115144 0.4257793
0.4399392 0.4539905 0.4679298 0.4817537 0.4954587
0.5090414 0.5224986 0.5358268 0.5490228 0.5620834
0.5750053 0.5877853 0.6004202 0.6129071 0.6252427
0.637424 0.649448 0.6613119 0.6730125 0.6845471
0.6959128 0.7071068 0.7181263 0.7289686 0.7396311
0.7501111 0.760406 0.7705132 0.7804304 0.790155
0.7996847 0.809017 0.8181497 0.8270806 0.8358074
0.8443279 0.8526402 0.860742 0.8686315 0.8763067
0.8837656 0.8910065 0.8980276 0.9048271 0.9114033
0.9177546 0.9238795 0.9297765 0.935444 0.9408808
0.9460854 0.9510565 0.955793 0.9602937 0.9645574
0.9685832 0.9723699 0.9759168 0.9792228 0.9822873
0.9851093 0.9876883 0.9900237 0.9921147 0.993961
0.995562 0.9969173 0.9980267 0.9988899 0.9995066
0.9998766 1 0.9998766 0.9995066 0.9988899
0.9980267 0.9969173 0.995562 0.993961 0.9921147
0.9900237 0.9876883 0.9851093 0.9822873 0.9792228
0.9759168 0.9723699 0.9685832 0.9645574 0.9602937
0.955793 0.9510565 0.9460854 0.9408808 0.935444
0.9297765 0.9238795 0.9177546 0.9114033 0.9048271
0.8980276 0.8910065 0.8837656 0.8763067 0.8686315
0.860742 0.8526402 0.8443279 0.8358074 0.8270806
0.8181497 0.809017 0.7996847 0.790155 0.7804304
0.7705132 0.760406 0.7501111 0.7396311 0.7289686
0.7181263 0.7071068 0.6959128 0.6845471 0.6730125
0.6613119 0.649448 0.637424 0.6252427 0.6129071
0.6004202 0.5877853 0.5750053 0.5620834 0.5490228
0.5358268 0.5224986 0.5090414 0.4954587 0.4817537
0.4679298 0.4539905 0.4399392 0.4257793 0.4115144
0.3971479 0.3826834 0.3681246 0.3534748 0.3387379
0.3239174 0.309017 0.2940403 0.2789911 0.263873
0.2486899 0.2334454 0.2181432 0.2027873 0.1873813
0.1719291 0.1564345 0.1409012 0.1253332 0.1097343
0.09410831 0.0784591 0.06279052 0.04710645 0.03141076
0.01570732 1.224606e-16 -0.01570732 -0.03141076 -0.04710645
-0.06279052 -0.0784591 -0.09410831 -0.1097343 -0.1253332
-0.1409012 -0.1564345 -0.1719291 -0.1873813 -0.2027873
-0.2181432 -0.2334454 -0.2486899 -0.263873 -0.2789911
-0.2940403 -0.309017 -0.3239174 -0.3387379 -0.3534748
-0.3681246 -0.3826834 -0.3971479 -0.4115144 -0.4257793
-0.4399392 -0.4539905 -0.4679298 -0.4817537 -0.4954587
-0.5090414 -0.5224986 -0.5358268 -0.5490228 -0.5620834
-0.5750053 -0.5877853 -0.6004202 -0.6129071 -0.6252427
-0.637424 -0.649448 -0.6613119 -0.6730125 -0.6845471
-0.6959128 -0.7071068 -0.7181263 -0.7289686 -0.7396311
-0.7501111 -0.760406 -0.7705132 -0.7804304 -0.790155
-0.7996847 -0.809017 -0.8181497 -0.8270806 -0.8358074
-0.8443279 -0.8526402 -0.860742 -0.8686315 -0.8763067
-0.8837656 -0.8910065 -0.8980276 -0.9048271 -0.9114033
-0.9177546 -0.9238795 -0.9297765 -0.935444 -0.9408808
-0.9460854 -0.9510565 -0.955793 -0.9602937 -0.9645574
-0.9685832 -0.9723699 -0.9759168 -0.9792228 -0.9822873
-0.9851093 -0.9876883 -0.9900237 -0.9921147 -0.993961
-0.995562 -0.9969173 -0.9980267 -0.9988899 -0.9995066
-0.9998766 -1 -0.9998766 -0.9995066 -0.9988899
-0.9980267 -0.9969173 -0.995562 -0.993961 -0.9921147
-0.9900237 -0.9876883 -0.9851093 -0.9822873 -0.9792228
-0.9759168 -0.9723699 -0.9685832 -0.9645574 -0.9602937
-0.955793 -0.9510565 -0.9460854 -0.9408808 -0.935444
-0.9297765 -0.9238795 -0.9177546 -0.9114033 -0.9048271
-0.8980276 -0.8910065 -0.8837656 -0.8763067 -0.8686315
-0.860742 -0.8526402 -0.8443279 -0.8358074 -0.8270806
-0.8181497 -0.809017 -0.7996847 -0.790155 -0.7804304
-0.7705132 -0.760406 -0.7501111 -0.7396311 -0.7289686
-0.7181263 -0.7071068 -0.6959128 -0.6845471 -0.6730125
-0.6613119 -0.649448 -0.637424 -0.6252427 -0.6129071
-0.6004202 -0.5877853 -0.5750053 -0.5620834 -0.5490228
-0.5358268 -0.5224986 -0.5090414 -0.4954587 -0.4817537
-0.4679298 -0.4539905 -0.4399392 -0.4257793 -0.4115144
-0.3971479 -0.3826834 -0.3681246 -0.3534748 -0.3387379
-0.3239174 -0.309017 -0.2940403 -0.2789911 -0.263873
-0.2486899 -0.2334454 -0.2181432 -0.2027873 -0.1873813
-0.1719291 -0.1564345 -0.1409012 -0.1253332 -0.1097343
-0.09410831 -0.0784591 -0.06279052 -0.04710645 -0.03141076
-0.01570732 -2.449213e-16
